1 3012 3011 0 50 R22 1 9
0 3011 2012 0 50 N00 0 0
1 2012 2011 0 50 N00 1 8
0 2011 1012 0 50 N00 0 0
1 1012 1011 0 50 L22 1 9
0 1011 1021 0 50 N00 0 0
1 1021 1022 0 50 R22 1 9
0 1022 2021 0 50 N00 0 0
1 2021 2022 0 50 N00 1 8
0 2022 3021 0 50 N00 0 0
1 3021 3022 0 50 L22 1 9
0 3022 3032 0 50 N00 0 0
1 3032 3031 0 50 R22 1 9
0 3031 2032 0 50 N00 0 0
1 2032 2031 0 50 N00 1 8
0 2031 1032 0 50 N00 0 0
1 1032 1031 0 50 L22 1 9
0 1031 1061 0 50 N00 0 0
1 1061 1062 0 50 TL2 7 2
3 1062 1061 0 50 TL2 7 2
0 1061 1051 0 50 N00 0 0
1 1051 1052 0 50 TR2 1 2
3 1052 1051 0 50 TR2 1 2
0 1051 1041 0 50 N00 0 0
1 1041 1042 0 50 R22 1 9
0 1042 2041 0 50 N00 0 0
1 2041 2042 0 50 N00 1 8
0 2042 3041 0 50 N00 0 0
1 3041 3042 0 50 L22 1 9
0 3042 3054 0 50 N00 0 0
1 3054 3053 0 50 TL2 7 2
3 3053 3054 0 50 TL2 7 2
0 3054 3064 0 50 N00 0 0
1 3064 3063 0 50 TR2 1 2
3 3063 3064 0 50 TR2 1 2
0 3064 3072 0 50 N00 0 0
1 3072 3071 0 50 R22 1 9
0 3071 3061 0 50 N00 0 0
1 3061 3062 0 50 SL1 3 6
3 3062 3061 0 50 SL1 3 6
0 3061 3051 0 50 N00 0 0
1 3051 3052 0 50 SR1 1 6
3 3052 3051 0 50 SR1 1 6
0 3051 2053 0 50 N00 0 0
3 2053 2054 0 50 D11 1 7
1 2054 2051 0 50 D11 1 7
3 2051 2052 0 120 D11 1 7
0 2052 1054 0 50 N00 0 0
1 1054 1053 0 50 SL1 3 6
3 1053 1054 0 50 SL1 3 6
0 1054 1064 0 50 N00 0 0
1 1064 1063 0 50 SR1 1 6
3 1063 1064 0 50 SR1 1 6
0 1064 2062 0 50 N00 0 0
3 2062 2061 0 50 D11 1 7
1 2061 2064 0 50 D11 1 7
3 2064 2063 0 120 D11 1 7
0 2063 2072 0 50 N00 0 0
1 2072 2071 0 50 N00 1 8
0 2071 1072 0 50 N00 0 0
1 2072 1071 0 50 L22 1 9
0 1071 1081 0 50 N00 0 0
1 1081 1082 0 50 R22 1 9
0 1082 2081 0 50 N00 0 0
1 2081 2082 0 50 N00 1 8
0 2082 3081 0 50 N00 0 0
1 3081 3082 0 50 L22 1 9
0 3082 3092 0 50 N00 0 0
1 3092 3091 0 50 R22 1 9
0 3091 2092 0 50 N00 0 0
1 2092 2091 0 50 N00 1 8
0 2091 1092 0 50 N00 0 0
1 1092 1091 0 50 L22 1 9
0 1091 1101 0 50 N00 0 0
1 1101 1102 0 50 R22 1 9
0 1102 2101 0 50 N00 0 0
1 2101 2102 0 50 N00 1 8
0 2102 3101 0 50 N00 0 0
1 3101 3102 0 50 L22 1 9
0 3102 3112 0 50 N00 0 0
1 3112 3111 0 50 R22 1 9
0 3111 2112 0 50 N00 0 0
1 2112 2111 0 50 N00 1 8
0 2111 1112 0 50 N00 0 0
1 1112 1111 0 50 L22 1 9
0 1111 1121 0 50 N00 0 0
1 1121 1122 0 50 R22 1 9
0 1122 2121 0 50 N00 0 0
1 2121 2122 0 50 N00 1 8
0 2122 3121 0 50 N00 0 0
1 3121 3122 0 50 L22 1 9
0 3122 3132 0 50 N00 0 0
1 3132 3131 0 50 R22 1 9
0 3131 2132 0 50 N00 0 0
1 2132 2131 0 50 N00 1 8
0 2131 1132 0 50 N00 0 0
1 1132 1131 0 50 L22 1 9
0 1131 1161 0 50 N00 0 0
1 1161 1162 0 50 TL2 7 2
3 1162 1161 0 50 TL2 7 2
0 1161 1151 0 50 N00 0 0
1 1151 1152 0 50 TR2 1 2
3 1152 1151 0 50 TR2 1 2
0 1151 1141 0 50 N00 0 0
1 1141 1142 0 50 R22 1 9
0 1142 2141 0 50 N00 0 0
1 2141 2142 0 50 N00 1 8
0 2142 3141 0 50 N00 0 0
1 3141 3142 0 50 L22 1 9
0 3142 3154 0 50 N00 0 0
1 3154 3153 0 50 TL2 7 2
3 3153 3154 0 50 TL2 7 2
0 3154 3164 0 50 N00 0 0
1 3164 3163 0 50 TR2 1 2
3 3163 3164 0 50 TR2 1 2
0 3164 3172 0 50 N00 0 0
1 3172 3171 0 50 R22 1 9
0 3171 3161 0 50 N00 0 0
1 3161 3162 0 50 SL1 3 6
3 3162 3161 0 50 SL1 3 6
0 3161 3151 0 50 N00 0 0
1 3151 3152 0 50 SR1 1 6
3 3152 3151 0 50 SR1 1 6
0 3151 2153 0 50 N00 0 0
3 2153 2154 0 50 D11 1 7
1 2154 2151 0 50 D11 1 7
3 2151 2152 0 120 D11 1 7
0 2152 1154 0 50 N00 0 0
1 1154 1153 0 50 SL1 3 6
3 1153 1154 0 50 SL1 3 6
0 1154 1164 0 50 N00 0 0
1 1164 1163 0 50 SR1 1 6
3 1163 1164 0 50 SR1 1 6
0 1164 2162 0 50 N00 0 0
3 2162 2161 0 50 D11 1 7
1 2161 2164 0 50 D11 1 7
3 2164 2163 0 120 D11 1 7
0 2163 2172 0 50 N00 0 0
1 2172 2171 0 50 N00 1 8
0 2171 1172 0 50 N00 0 0
1 2172 1171 0 50 L22 1 9
0 1171 1181 0 50 N00 0 0
1 1181 1182 0 50 R22 1 9
0 1182 2181 0 50 N00 0 0
1 2181 2182 0 50 N00 1 8
0 2182 3181 0 50 N00 0 0
1 3181 3182 0 50 L22 1 9
0 3182 3192 0 50 N00 0 0
1 3192 3191 0 50 R22 1 9
0 3191 2192 0 50 N00 0 0
1 2192 2191 0 50 N00 1 8
0 2191 1192 0 50 N00 0 0
1 1192 1191 0 50 L22 1 9
0 1191 1201 0 50 N00 0 0
1 1201 1202 0 50 R22 1 9
0 1202 2201 0 50 N00 0 0
1 2201 2202 0 50 N00 1 8
0 2202 3201 0 50 N00 0 0
1 3201 3202 0 50 L22 1 9
0 3202 3212 0 50 N00 0 0
1 3212 3211 0 50 R22 1 9
0 3211 2212 0 50 N00 0 0
1 2212 2211 0 50 N00 1 8
0 2211 1212 0 50 N00 0 0
1 1212 1211 0 50 L22 1 9
0 1211 1221 0 50 N00 0 0
1 1221 1222 0 50 R22 1 9
0 1222 2221 0 50 N00 0 0
1 2221 2222 0 50 N00 1 8
0 2222 3221 0 50 N00 0 0
1 3221 3222 0 50 L22 1 9
0 3222 3232 0 50 N00 0 0
1 3232 3231 0 50 R22 1 9
0 3231 2232 0 50 N00 0 0
1 2232 2231 0 50 N00 1 8
0 2231 1232 0 50 N00 0 0
1 1232 1231 0 50 L22 1 9
0 1231 1261 0 50 N00 0 0
1 1261 1262 0 50 TL2 7 2
3 1262 1261 0 50 TL2 7 2
0 1261 1251 0 50 N00 0 0
1 1251 1252 0 50 TR2 1 2
3 1252 1251 0 50 TR2 1 2
0 1251 1241 0 50 N00 0 0
1 1241 1242 0 50 R22 1 9
0 1242 2241 0 50 N00 0 0
1 2241 2242 0 50 N00 1 8
0 2242 3241 0 50 N00 0 0
1 3241 3242 0 50 L22 1 9
0 3242 3254 0 50 N00 0 0
1 3254 3253 0 50 TL2 7 2
3 3253 3254 0 50 TL2 7 2
0 3254 3264 0 50 N00 0 0
1 3264 3263 0 50 TR2 1 2
3 3263 3264 0 50 TR2 1 2
0 3264 3272 0 50 N00 0 0
1 3272 3271 0 50 R22 1 9
0 3271 3261 0 50 N00 0 0
1 3261 3262 0 50 SL1 3 6
3 3262 3261 0 50 SL1 3 6
0 3261 3251 0 50 N00 0 0
1 3251 3252 0 50 SR1 1 6
3 3252 3251 0 50 SR1 1 6
0 3251 2253 0 50 N00 0 0
3 2253 2254 0 50 D11 1 7
1 2254 2251 0 50 D11 1 7
3 2251 2252 0 120 D11 1 7
0 2252 1254 0 50 N00 0 0
1 1254 1253 0 50 SL1 3 6
3 1253 1254 0 50 SL1 3 6
0 1254 1264 0 50 N00 0 0
1 1264 1263 0 50 SR1 1 6
3 1263 1264 0 50 SR1 1 6
0 1264 2262 0 50 N00 0 0
3 2262 2261 0 50 D11 1 7
1 2261 2264 0 50 D11 1 7
3 2264 2263 0 120 D11 1 7
0 2263 2272 0 50 N00 0 0
1 2272 2271 0 50 N00 1 8
0 2271 1272 0 50 N00 0 0
1 2272 1271 0 50 L22 1 9
0 1271 1281 0 50 N00 0 0
1 1281 1282 0 50 R22 1 9
0 1282 2281 0 50 N00 0 0
1 2281 2282 0 50 N00 1 8
0 2282 3281 0 50 N00 0 0
1 3281 3282 0 50 L22 1 9
0 3282 3292 0 50 N00 0 0
1 3292 3291 0 50 R22 1 9
0 3291 2292 0 50 N00 0 0
1 2292 2291 0 50 N00 1 8
0 2291 1292 0 50 N00 0 0
1 1292 1291 0 50 L22 1 9
0 1291 1301 0 50 N00 0 0
1 1301 1302 0 50 R22 1 9
0 1302 2301 0 50 N00 0 0
1 2301 2302 0 50 N00 1 8
0 2302 3301 0 50 N00 0 0
1 3301 3302 0 50 L22 1 9
0 3302 3312 0 50 N00 0 0
1 3312 3311 0 50 R22 1 9
0 3311 2312 0 50 N00 0 0
1 2312 2311 0 50 N00 1 8
0 2311 1312 0 50 N00 0 0
1 1312 1311 0 50 L22 1 9
0 1311 1321 0 50 N00 0 0
1 1321 1322 0 50 R22 1 9
0 1322 2321 0 50 N00 0 0
1 2321 2322 0 50 N00 1 8
0 2322 3321 0 50 N00 0 0
1 3321 3322 0 50 L22 1 9