2 0010 0000 2 50 N00 1 5
0 0000 0000 0 50 N00 1 7
0 0000 3071 0 50 N00 1 7
1 3071 3073 0 50 SR1 1 6
3 3073 3071 0 50 SR1 1 6
0 3071 2072 0 50 N00 1 6
3 2072 2071 0 50 D11 1 7
1 2071 2074 0 50 D11 1 7
3 2074 2073 0 120 D11 1 7
0 2073 3071 0 50 N00 1 7
0 3071 3081 0 50 N00 1 7
1 3081 3083 0 50 SL1 1 6
3 3083 3081 0 50 SL1 1 6
0 3081 2082 0 50 N00 1 6
3 2082 2081 0 50 D11 1 7
1 2081 2084 0 50 D11 1 7
3 2084 2083 0 120 D11 1 7
0 2083 3091 0 50 N00 1 7
0 3091 0000 0 50 N00 1 7
2 0000 0000 0 50 N00 1 7