201 1012 6
0 1012 2011 0 50 N00 0 0
1 2011 2012 0 50 N00 1 7
0 2012 3021 0 50 N00 0 0
0 3021 2023 0 50 N00 0 0
1 2023 2021 0 50 N00 1 7
0 2021 1022 0 50 N00 0 0

203 1012 3
1 2031 2032 0 50 N00 1 8
0 2032 2042 0 50 N00 0 0
1 2042 2041 0 50 N00 1 8

205 1012 3
1 2051 2052 0 50 N00 1 8
0 2052 2062 0 50 N00 0 0
1 2062 2061 0 50 N00 1 8

207 1012 11
0 1072 2072 0 50 N00 0 0
3 2072 2071 0 50 D11 1 7
1 2071 2074 0 50 D11 1 7
3 2074 2073 0 120 D11 1 7
0 2073 3071 0 50 N00 1 7
0 3071 3081 0 50 N00 0 0
0 3081 2083 0 50 N00 0 0
3 2083 2084 0 50 D11 1 7
1 2084 2081 0 50 D11 1 7
3 2081 2082 0 120 D11 1 7
0 2082 1082 0 50 N00 0 0

209 1012 3
1 2091 2092 0 50 N00 1 8
0 2092 2102 0 50 N00 0 0
1 2102 2101 0 50 N00 1 8

211 1012 3
1 2111 2112 0 50 N00 1 8
0 2112 2122 0 50 N00 0 0
1 2122 2121 0 50 N00 1 8

213 1012 3
1 2131 2132 0 50 N00 1 8
0 2132 2142 0 50 N00 0 0
1 2142 2141 0 50 N00 1 8

215 1012 3
1 2151 2152 0 50 N00 1 8
0 2152 2162 0 50 N00 0 0
1 2162 2161 0 50 N00 1 8

217 1012 11
0 1172 2172 0 50 N00 0 0
3 2172 2171 0 50 D11 1 7
1 2171 2174 0 50 D11 1 7
3 2174 2173 0 120 D11 1 7
0 2173 3171 0 50 N00 1 7
0 3171 3181 0 50 N00 0 0
0 3181 2183 0 50 N00 0 0
3 2183 2184 0 50 D11 1 7
1 2184 2181 0 50 D11 1 7
3 2181 2182 0 120 D11 1 7
0 2182 1182 0 50 N00 0 0

219 1012 3
1 2191 2192 0 50 N00 1 8
0 2192 2202 0 50 N00 0 0
1 2202 2201 0 50 N00 1 8

221 1012 3
1 2211 2212 0 50 N00 1 8
0 2212 2222 0 50 N00 0 0
1 2222 2221 0 50 N00 1 8

223 1012 3
1 2231 2232 0 50 N00 1 8
0 2232 2242 0 50 N00 0 0
1 2242 2241 0 50 N00 1 8

225 1012 3
1 2251 2252 0 50 N00 1 8
0 2252 2262 0 50 N00 0 0
1 2262 2261 0 50 N00 1 8

227 1012 11
0 1272 2272 0 50 N00 0 0
3 2272 2271 0 50 D11 1 7
1 2271 2274 0 50 D11 1 7
3 2274 2273 0 120 D11 1 7
0 2273 3271 0 50 N00 1 7
0 3271 3281 0 50 N00 0 0
0 3281 2283 0 50 N00 0 0
3 2283 2284 0 50 D11 1 7
1 2284 2281 0 50 D11 1 7
3 2281 2282 0 120 D11 1 7
0 2282 1282 0 50 N00 0 0

229 1012 3
1 2291 2292 0 50 N00 1 8
0 2292 2302 0 50 N00 0 0
1 2302 2301 0 50 N00 1 8

301 3011 3
1 3011 3012 0 50 N00 1 4
0 3012 3022 0 50 N00 0 0
1 3022 3021 0 50 N00 1 4

303 3011 3
1 3031 3032 0 50 N00 1 4
0 3032 3042 0 50 N00 0 0
1 3042 3041 0 50 N00 1 4

305 3011 5
1 3051 3052 0 50 N00 1 7
3 3052 3051 0 50 N00 1 7
0 3051 3061 0 50 N00 0 0
1 3061 3062 0 50 N00 1 7
3 3062 3061 0 50 N00 1 7

307 3011 5
1 3071 3073 0 50 SR1 1 6
3 3073 3071 0 50 SR1 1 6
0 3071 3081 0 50 N00 0 0
1 3081 3083 0 50 SL1 1 6
3 3083 3081 0 50 SL1 1 6

309 3011 5
1 3091 3092 0 50 N00 1 7
3 3092 3091 0 50 N00 1 7
0 3091 3101 0 50 N00 0 0
1 3101 3102 0 50 N00 1 7
3 3102 3101 0 50 N00 1 7

311 3011 5
1 3111 3112 0 50 N00 1 7
3 3112 3111 0 50 N00 1 7
0 3111 3121 0 50 N00 0 0
1 3121 3122 0 50 N00 1 7
3 3122 3121 0 50 N00 1 7

313 3011 5
1 3131 3132 0 50 N00 1 7
3 3132 3131 0 50 N00 1 7
0 3131 3141 0 50 N00 0 0
1 3141 3142 0 50 N00 1 7
3 3142 3141 0 50 N00 1 7

315 3011 5
1 3151 3152 0 50 N00 1 7
3 3152 3151 0 50 N00 1 7
0 3151 3161 0 50 N00 0 0
1 3161 3162 0 50 N00 1 7
3 3162 3161 0 50 N00 1 7

317 3011 5
1 3171 3173 0 50 SR1 1 6
3 3173 3171 0 50 SR1 1 6
0 3171 3181 0 50 N00 0 0
1 3181 3183 0 50 SL1 1 6
3 3183 3181 0 50 SL1 1 6

319 3011 5
1 3191 3192 0 50 N00 1 7
3 3192 3191 0 50 N00 1 7
0 3191 3201 0 50 N00 0 0
1 3201 3202 0 50 N00 1 7
3 3202 3201 0 50 N00 1 7

321 3011 5
1 3211 3212 0 50 N00 1 7
3 3212 3211 0 50 N00 1 7
0 3211 3221 0 50 N00 0 0
1 3221 3222 0 50 N00 1 7
3 3222 3221 0 50 N00 1 7

323 3011 5
1 3231 3232 0 50 N00 1 7
3 3232 3231 0 50 N00 1 7
0 3231 3241 0 50 N00 0 0
1 3241 3242 0 50 N00 1 7
3 3242 3241 0 50 N00 1 7

325 3011 5
1 3251 3252 0 50 N00 1 7
3 3252 3251 0 50 N00 1 7
0 3251 3261 0 50 N00 0 0
1 3261 3262 0 50 N00 1 7
3 3262 3261 0 50 N00 1 7

327 3011 5
1 3271 3273 0 50 SR1 1 6
3 3273 3271 0 50 SR1 1 6
0 3271 3281 0 50 N00 0 0
1 3281 3283 0 50 SL1 1 6
3 3283 3281 0 50 SL1 1 6

329 3011 5
1 3291 3292 0 50 N00 1 7
3 3292 3291 0 50 N00 1 7
0 3291 3301 0 50 N00 0 0
1 3301 3302 0 50 N00 1 7
3 3302 3301 0 50 N00 1 7

331 3011 3
1 3311 3312 0 50 N00 1 5
0 3312 3322 0 50 N00 0 0
1 3322 3321 0 50 N00 1 5

333 3011 3
1 3331 3332 0 50 N00 1 5
0 3332 3342 0 50 N00 0 0
1 3342 3341 0 50 N00 1 5
