0 0000 0000 2 50 N00 0 0
0 0000 3012 2 50 N00 0 0
1 3012 3011 2 50 N00 1 9
0 3011 2012 2 50 N00 0 0
1 2012 2011 2 50 N00 1 8
0 2011 1012 2 50 N00 0 0
1 1012 1011 2 50 N00 1 9
0 1011 1021 2 50 N00 0 0
1 1021 1022 2 50 N00 1 9
0 1022 2021 2 50 N00 0 0
1 2021 2022 2 50 N00 1 8
0 2022 3021 2 50 N00 0 0
1 3021 3022 2 50 N00 1 9
0 3022 3032 2 50 N00 0 0
1 3032 3031 2 50 N00 1 9
0 3031 2032 2 50 N00 0 0
1 2032 2031 2 50 N00 1 8
0 2031 1032 2 50 N00 0 0
1 1032 1031 2 50 N00 1 9
0 1031 1041 2 50 N00 0 0
1 1041 1042 2 50 N00 1 9
0 1042 2041 2 50 N00 0 0
1 2041 2042 2 50 N00 1 8
0 2042 3041 2 50 N00 0 0
1 3041 3042 2 50 N00 1 9
0 3042 3052 2 50 N00 0 0
1 3052 3051 2 50 N00 1 9
0 3051 2052 2 50 N00 0 0
1 2052 2051 2 50 N00 1 8
0 2051 1052 2 50 N00 0 0
1 1052 1051 2 50 N00 1 9
0 1051 1081 2 50 N00 0 0
1 1081 1082 2 50 SL1 7 2
3 1082 1081 2 50 SL1 7 2
0 1081 1071 2 50 N00 0 0
1 1071 1072 2 50 SR1 1 2
3 1072 1071 2 50 SR1 1 2
0 1071 1061 2 50 N00 0 0
1 1061 1062 2 50 N00 1 9
0 1062 2061 2 50 N00 0 0
1 2061 2062 2 50 N00 1 8
0 2062 3061 2 50 N00 0 0
1 3061 3062 2 50 N00 1 9
0 3062 3074 2 50 N00 0 0
1 3074 3073 2 50 SL1 7 2
3 3073 3074 2 50 SL1 7 2
0 3074 3084 2 50 N00 0 0
1 3084 3083 2 50 SR1 1 2
3 3083 3084 2 50 SR1 1 2
0 3084 3092 2 50 N00 0 0
1 3092 3091 2 50 N00 1 9
0 3091 3081 2 50 N00 0 0
1 3081 3082 2 50 SL1 3 6
3 3082 3081 2 50 SL1 3 6
0 3081 3071 2 50 N00 0 0
1 3071 3072 2 50 SR1 1 6
3 3072 3071 2 50 SR1 1 6
0 3071 2073 2 50 N00 0 0
3 2073 2074 2 50 D11 1 7
1 2074 2071 2 50 D11 1 7
3 2071 2072 2 120 D11 1 7
0 2072 1074 2 50 N00 0 0
1 1074 1073 2 50 SL1 3 6
3 1073 1074 2 50 SL1 3 6
0 1074 1084 2 50 N00 0 0
1 1084 1083 2 50 SR1 1 6
3 1083 1084 2 50 SR1 1 6
0 1084 2082 2 50 N00 0 0
3 2082 2081 2 50 D11 1 7
1 2081 2084 2 50 D11 1 7
3 2084 2083 2 120 D11 1 7
0 2083 3091 2 50 N00 0 0
0 3091 2092 2 50 N00 0 0
1 2092 2091 2 50 N00 1 8
0 2091 1092 2 50 N00 0 0
1 1092 1091 2 50 N00 1 9
0 1091 1101 2 50 N00 0 0
1 1101 1102 2 50 N00 1 9
0 1102 2101 2 50 N00 0 0
1 2101 2102 2 50 N00 1 8
0 2102 3101 2 50 N00 0 0
1 3101 3102 2 50 N00 1 9
0 3102 3112 2 50 N00 0 0
1 3112 3111 2 50 N00 1 9
0 3111 2112 2 50 N00 0 0
1 2112 2111 2 50 N00 1 8
0 2111 1112 2 50 N00 0 0
1 1112 1111 2 50 N00 1 9
0 1111 1121 2 50 N00 0 0
1 1121 1122 2 50 N00 1 9
0 1122 2121 2 50 N00 0 0
1 2121 2122 2 50 N00 1 8
0 2122 3121 2 50 N00 0 0
1 3121 3122 2 50 N00 1 9
0 3122 3132 2 50 N00 0 0
1 3132 3131 2 50 N00 1 9
0 3131 2132 2 50 N00 0 0
1 2132 2131 2 50 N00 1 8
0 2131 1132 2 50 N00 0 0
1 1132 1131 2 50 N00 1 9
0 1131 1141 2 50 N00 0 0
1 1141 1142 2 50 N00 1 9
0 1142 2141 2 50 N00 0 0
1 2141 2142 2 50 N00 1 8
0 2142 3141 2 50 N00 0 0
1 3141 3142 2 50 N00 1 9
0 3142 3152 2 50 N00 0 0
1 3152 3151 2 50 N00 1 9
0 3151 2152 2 50 N00 0 0
1 2152 2151 2 50 N00 1 8
0 2151 1152 2 50 N00 0 0
1 1152 1151 2 50 N00 1 9
0 1151 1181 2 50 N00 0 0
1 1181 1182 2 50 SL1 7 2
3 1182 1181 2 50 SL1 7 2
0 1181 1171 2 50 N00 0 0
1 1171 1172 2 50 SR1 1 2
3 1172 1171 2 50 SR1 1 2
0 1171 1161 2 50 N00 0 0
1 1161 1162 2 50 N00 1 9
0 1162 2161 2 50 N00 0 0
1 2161 2162 2 50 N00 1 8
0 2162 3161 2 50 N00 0 0
1 3161 3162 2 50 N00 1 9
0 3162 3174 2 50 N00 0 0
1 3174 3173 2 50 SL1 7 2
3 3173 3174 2 50 SL1 7 2
0 3174 3184 2 50 N00 0 0
1 3184 3183 2 50 SR1 1 2
3 3183 3184 2 50 SR1 1 2
0 3184 3192 2 50 N00 0 0
1 3192 3191 2 50 N00 1 9
0 3191 3181 2 50 N00 0 0
1 3181 3182 2 50 SL1 3 6
3 3182 3181 2 50 SL1 3 6
0 3181 3171 2 50 N00 0 0
1 3171 3172 2 50 SR1 1 6
3 3172 3171 2 50 SR1 1 6
0 3171 2173 2 50 N00 0 0
3 2173 2174 2 50 D11 1 7
1 2174 2171 2 50 D11 1 7
3 2171 2172 2 120 D11 1 7
0 2172 1174 2 50 N00 0 0
1 1174 1173 2 50 SL1 3 6
3 1173 1174 2 50 SL1 3 6
0 1174 1184 2 50 N00 0 0
1 1184 1183 2 50 SR1 1 6
3 1183 1184 2 50 SR1 1 6
0 1184 2182 2 50 N00 0 0
3 2182 2181 2 50 D11 1 7
1 2181 2184 2 50 D11 1 7
3 2184 2183 2 120 D11 1 7
0 2183 2192 2 50 N00 0 0
1 2192 2191 2 50 N00 1 8
0 2191 1192 2 50 N00 0 0
1 1192 1191 2 50 N00 1 9
0 1191 1201 2 50 N00 0 0
1 1201 1202 2 50 N00 1 9
0 1202 2201 2 50 N00 0 0
1 2201 2202 2 50 N00 1 8
0 2202 3201 2 50 N00 0 0
1 3201 3202 2 50 N00 1 9
0 3202 3212 2 50 N00 0 0
1 3212 3211 2 50 N00 1 9
0 3211 2212 2 50 N00 0 0
1 2212 2211 2 50 N00 1 8
0 2211 1212 2 50 N00 0 0
1 1212 1211 2 50 N00 1 9
0 1211 1221 2 50 N00 0 0
1 1221 1222 2 50 N00 1 9
0 1222 2221 2 50 N00 0 0
1 2221 2222 2 50 N00 1 8
0 2222 3221 2 50 N00 0 0
1 3221 3222 2 50 N00 1 9
0 3222 3232 2 50 N00 0 0
1 3232 3231 2 50 N00 1 9
0 3231 2232 2 50 N00 0 0
1 2232 2231 2 50 N00 1 8
0 2231 1232 2 50 N00 0 0
1 1232 1231 2 50 N00 1 9
0 1231 1241 2 50 N00 0 0
1 1241 1242 2 50 N00 1 9
0 1242 2241 2 50 N00 0 0
1 2241 2242 2 50 N00 1 8
0 2242 3241 2 50 N00 0 0
1 3241 3242 2 50 N00 1 9
0 3242 3252 2 50 N00 0 0
1 3252 3251 2 50 N00 1 9
0 3251 2252 2 50 N00 0 0
1 2252 2251 2 50 N00 1 8
0 2251 1252 2 50 N00 0 0
1 1252 1251 2 50 N00 1 9
0 1251 1281 2 50 N00 0 0
1 1281 1282 2 50 SL1 7 2
3 1282 1281 2 50 SL1 7 2
0 1281 1271 2 50 N00 0 0
1 1271 1272 2 50 SR1 1 2
3 1272 1271 2 50 SR1 1 2
0 1271 1261 2 50 N00 0 0
1 1261 1262 2 50 N00 1 9
0 1262 2261 2 50 N00 0 0
1 2261 2262 2 50 N00 1 8
0 2262 3261 2 50 N00 0 0
1 3261 3262 2 50 N00 1 9
0 3262 3274 2 50 N00 0 0
1 3274 3273 2 50 SL1 7 2
3 3273 3274 2 50 SL1 7 2
0 3274 3284 2 50 N00 0 0
1 3284 3283 2 50 SR1 1 2
3 3283 3284 2 50 SR1 1 2
0 3284 3292 2 50 N00 0 0
1 3292 3291 2 50 N00 1 9
0 3291 3281 2 50 N00 0 0
1 3281 3282 2 50 SL1 3 6
3 3282 3281 2 50 SL1 3 6
0 3281 3271 2 50 N00 0 0
1 3271 3272 2 50 SR1 1 6
3 3272 3271 2 50 SR1 1 6
0 3271 2273 2 50 N00 0 0
3 2273 2274 2 50 D11 1 7
1 2274 2271 2 50 D11 1 7
3 2271 2272 2 120 D11 1 7
0 2272 1274 2 50 N00 0 0
1 1274 1273 2 50 SL1 3 6
3 1273 1274 2 50 SL1 3 6
0 1274 1284 2 50 N00 0 0
1 1284 1283 2 50 SR1 1 6
3 1283 1284 2 50 SR1 1 6
0 1284 2282 2 50 N00 0 0
3 2282 2281 2 50 D11 1 7
1 2281 2284 2 50 D11 1 7
3 2284 2283 2 120 D11 1 7
0 2283 2292 2 50 N00 0 0
1 2292 2291 2 50 N00 1 8
0 2291 1292 2 50 N00 0 0
1 1292 1291 2 50 N00 1 9
0 1291 1301 2 50 N00 0 0
1 1301 1302 2 50 N00 1 9
0 1302 2301 2 50 N00 0 0
1 2301 2302 2 50 N00 1 8
0 2302 3301 2 50 N00 0 0
1 3301 3302 2 50 N00 1 9
0 3302 3312 2 50 N00 0 0
1 3312 3311 2 50 N00 1 9
0 3311 2312 2 50 N00 0 0
1 2312 2311 2 50 N00 1 8
0 2311 1312 2 50 N00 0 0
1 1312 1311 2 50 N00 1 9
0 1311 1321 2 50 N00 0 0
1 1321 1322 2 50 N00 1 9
0 1322 2321 2 50 N00 0 0
1 2321 2322 2 50 N00 1 8
0 2322 3321 2 50 N00 0 0
1 3321 3322 2 50 N00 1 9
0 3322 3332 2 50 N00 0 0
1 3332 3331 2 50 N00 1 9
0 3331 2332 2 50 N00 0 0
1 2332 2331 2 50 N00 1 8
0 2331 1332 2 50 N00 0 0
1 1332 1331 2 50 N00 1 9
0 1331 1341 2 50 N00 0 0
1 1341 1342 2 50 N00 1 9
0 1342 2341 2 50 N00 0 0
1 2341 2342 2 50 N00 1 8
0 2342 3341 2 50 N00 0 0
1 3341 3342 2 50 N00 1 9
3 3342 3341 2 50 N00 0 0
0 3341 3011 2 50 N00 0 0
0 3011 0000 2 50 N00 0 0
2 0000 0000 2 50 N00 0 0

0 0000 0000 1 50 N00 0 0
0 0000 3012 1 50 N00 0 0
1 3012 3011 1 50 N00 1 9
0 3011 2012 1 50 N00 0 0
1 2012 2011 1 50 N00 1 8
0 2011 1012 1 50 N00 0 0
1 1012 1011 1 50 N00 1 9
0 1011 1021 1 50 N00 0 0
1 1021 1022 1 50 N00 1 9
0 1022 2021 1 50 N00 0 0
1 2021 2022 1 50 N00 1 8
0 2022 3021 1 50 N00 0 0
1 3021 3022 1 50 N00 1 9
0 3022 3032 1 50 N00 0 0
1 3032 3031 1 50 N00 1 9
0 3031 2032 1 50 N00 0 0
1 2032 2031 1 50 N00 1 8
0 2031 1032 1 50 N00 0 0
1 1032 1031 1 50 N00 1 9
0 1031 1041 1 50 N00 0 0
1 1041 1042 1 50 N00 1 9
0 1042 2041 1 50 N00 0 0
1 2041 2042 1 50 N00 1 8
0 2042 3041 1 50 N00 0 0
1 3041 3042 1 50 N00 1 9
0 3042 3052 1 50 N00 0 0
1 3052 3051 1 50 N00 1 9
0 3051 2052 1 50 N00 0 0
1 2052 2051 1 50 N00 1 8
0 2051 1052 1 50 N00 0 0
1 1052 1051 1 50 N00 1 9
0 1051 1081 1 50 N00 0 0
1 1081 1082 1 50 SL1 7 2
3 1082 1081 1 50 SL1 7 2
0 1081 1071 1 50 N00 0 0
1 1071 1072 1 50 SR1 1 2
3 1072 1071 1 50 SR1 1 2
0 1071 1061 1 50 N00 0 0
1 1061 1062 1 50 N00 1 9
0 1062 2061 1 50 N00 0 0
1 2061 2062 1 50 N00 1 8
0 2062 3061 1 50 N00 0 0
1 3061 3062 1 50 N00 1 9
0 3062 3074 1 50 N00 0 0
1 3074 3073 1 50 SL1 7 2
3 3073 3074 1 50 SL1 7 2
0 3074 3084 1 50 N00 0 0
1 3084 3083 1 50 SR1 1 2
3 3083 3084 1 50 SR1 1 2
0 3084 3092 1 50 N00 0 0
1 3092 3091 1 50 N00 1 9
0 3091 3081 1 50 N00 0 0
1 3081 3082 1 50 SL1 3 6
3 3082 3081 1 50 SL1 3 6
0 3081 3071 1 50 N00 0 0
1 3071 3072 1 50 SR1 1 6
3 3072 3071 1 50 SR1 1 6
0 3071 2073 1 50 N00 0 0
3 2073 2074 1 50 D11 1 7
1 2074 2071 1 50 D11 1 7
3 2071 2072 1 120 D11 1 7
0 2072 1074 1 50 N00 0 0
1 1074 1073 1 50 SL1 3 6
3 1073 1074 1 50 SL1 3 6
0 1074 1084 1 50 N00 0 0
1 1084 1083 1 50 SR1 1 6
3 1083 1084 1 50 SR1 1 6
0 1084 2082 1 50 N00 0 0
3 2082 2081 1 50 D11 1 7
1 2081 2084 1 50 D11 1 7
3 2084 2083 1 120 D11 1 7
0 2083 3091 2 50 N00 0 0
0 3091 2092 2 50 N00 0 0
1 2092 2091 1 50 N00 1 8
0 2091 1092 1 50 N00 0 0
1 1092 1091 1 50 N00 1 9
0 1091 1101 1 50 N00 0 0
1 1101 1102 1 50 N00 1 9
0 1102 2101 1 50 N00 0 0
1 2101 2102 1 50 N00 1 8
0 2102 3101 1 50 N00 0 0
1 3101 3102 1 50 N00 1 9
0 3102 3112 1 50 N00 0 0
1 3112 3111 1 50 N00 1 9
0 3111 2112 1 50 N00 0 0
1 2112 2111 1 50 N00 1 8
0 2111 1112 1 50 N00 0 0
1 1112 1111 1 50 N00 1 9
0 1111 1121 1 50 N00 0 0
1 1121 1122 1 50 N00 1 9
0 1122 2121 1 50 N00 0 0
1 2121 2122 1 50 N00 1 8
0 2122 3121 1 50 N00 0 0
1 3121 3122 1 50 N00 1 9
0 3122 3132 1 50 N00 0 0
1 3132 3131 1 50 N00 1 9
0 3131 2132 1 50 N00 0 0
1 2132 2131 1 50 N00 1 8
0 2131 1132 1 50 N00 0 0
1 1132 1131 1 50 N00 1 9
0 1131 1141 1 50 N00 0 0
1 1141 1142 1 50 N00 1 9
0 1142 2141 1 50 N00 0 0
1 2141 2142 1 50 N00 1 8
0 2142 3141 1 50 N00 0 0
1 3141 3142 1 50 N00 1 9
0 3142 3152 1 50 N00 0 0
1 3152 3151 1 50 N00 1 9
0 3151 2152 1 50 N00 0 0
1 2152 2151 1 50 N00 1 8
0 2151 1152 1 50 N00 0 0
1 1152 1151 1 50 N00 1 9
0 1151 1181 1 50 N00 0 0
1 1181 1182 1 50 SL1 7 2
3 1182 1181 1 50 SL1 7 2
0 1181 1171 1 50 N00 0 0
1 1171 1172 1 50 SR1 1 2
3 1172 1171 1 50 SR1 1 2
0 1171 1161 1 50 N00 0 0
1 1161 1162 1 50 N00 1 9
0 1162 2161 1 50 N00 0 0
1 2161 2162 1 50 N00 1 8
0 2162 3161 1 50 N00 0 0
1 3161 3162 1 50 N00 1 9
0 3162 3174 1 50 N00 0 0
1 3174 3173 1 50 SL1 7 2
3 3173 3174 1 50 SL1 7 2
0 3174 3184 1 50 N00 0 0
1 3184 3183 1 50 SR1 1 2
3 3183 3184 1 50 SR1 1 2
0 3184 3192 1 50 N00 0 0
1 3192 3191 1 50 N00 1 9
0 3191 3181 1 50 N00 0 0
1 3181 3182 1 50 SL1 3 6
3 3182 3181 1 50 SL1 3 6
0 3181 3171 1 50 N00 0 0
1 3171 3172 1 50 SR1 1 6
3 3172 3171 1 50 SR1 1 6
0 3171 2173 1 50 N00 0 0
3 2173 2174 1 50 D11 1 7
1 2174 2171 1 50 D11 1 7
3 2171 2172 1 120 D11 1 7
0 2172 1174 1 50 N00 0 0
1 1174 1173 1 50 SL1 3 6
3 1173 1174 1 50 SL1 3 6
0 1174 1184 1 50 N00 0 0
1 1184 1183 1 50 SR1 1 6
3 1183 1184 1 50 SR1 1 6
0 1184 2182 1 50 N00 0 0
3 2182 2181 1 50 D11 1 7
1 2181 2184 1 50 D11 1 7
3 2184 2183 1 120 D11 1 7
0 2183 2192 1 50 N00 0 0
1 2192 2191 1 50 N00 1 8
0 2191 1192 1 50 N00 0 0
1 1192 1191 1 50 N00 1 9
0 1191 1201 1 50 N00 0 0
1 1201 1202 1 50 N00 1 9
0 1202 2201 1 50 N00 0 0
1 2201 2202 1 50 N00 1 8
0 2202 3201 1 50 N00 0 0
1 3201 3202 1 50 N00 1 9
0 3202 3212 1 50 N00 0 0
1 3212 3211 1 50 N00 1 9
0 3211 2212 1 50 N00 0 0
1 2212 2211 1 50 N00 1 8
0 2211 1212 1 50 N00 0 0
1 1212 1211 1 50 N00 1 9
0 1211 1221 1 50 N00 0 0
1 1221 1222 1 50 N00 1 9
0 1222 2221 1 50 N00 0 0
1 2221 2222 1 50 N00 1 8
0 2222 3221 1 50 N00 0 0
1 3221 3222 1 50 N00 1 9
0 3222 3232 1 50 N00 0 0
1 3232 3231 1 50 N00 1 9
0 3231 2232 1 50 N00 0 0
1 2232 2231 1 50 N00 1 8
0 2231 1232 1 50 N00 0 0
1 1232 1231 1 50 N00 1 9
0 1231 1241 1 50 N00 0 0
1 1241 1242 1 50 N00 1 9
0 1242 2241 1 50 N00 0 0
1 2241 2242 1 50 N00 1 8
0 2242 3241 1 50 N00 0 0
1 3241 3242 1 50 N00 1 9
0 3242 3252 1 50 N00 0 0
1 3252 3251 1 50 N00 1 9
0 3251 2252 1 50 N00 0 0
1 2252 2251 1 50 N00 1 8
0 2251 1252 1 50 N00 0 0
1 1252 1251 1 50 N00 1 9
0 1251 1281 1 50 N00 0 0
1 1281 1282 1 50 SL1 7 2
3 1282 1281 1 50 SL1 7 2
0 1281 1271 1 50 N00 0 0
1 1271 1272 1 50 SR1 1 2
3 1272 1271 1 50 SR1 1 2
0 1271 1261 1 50 N00 0 0
1 1261 1262 1 50 N00 1 9
0 1262 2261 1 50 N00 0 0
1 2261 2262 1 50 N00 1 8
0 2262 3261 1 50 N00 0 0
1 3261 3262 1 50 N00 1 9
0 3262 3274 1 50 N00 0 0
1 3274 3273 1 50 SL1 7 2
3 3273 3274 1 50 SL1 7 2
0 3274 3284 1 50 N00 0 0
1 3284 3283 1 50 SR1 1 2
3 3283 3284 1 50 SR1 1 2
0 3284 3292 1 50 N00 0 0
1 3292 3291 1 50 N00 1 9
0 3291 3281 1 50 N00 0 0
1 3281 3282 1 50 SL1 3 6
3 3282 3281 1 50 SL1 3 6
0 3281 3271 1 50 N00 0 0
1 3271 3272 1 50 SR1 1 6
3 3272 3271 1 50 SR1 1 6
0 3271 2273 1 50 N00 0 0
3 2273 2274 1 50 D11 1 7
1 2274 2271 1 50 D11 1 7
3 2271 2272 1 120 D11 1 7
0 2272 1274 1 50 N00 0 0
1 1274 1273 1 50 SL1 3 6
3 1273 1274 1 50 SL1 3 6
0 1274 1284 1 50 N00 0 0
1 1284 1283 1 50 SR1 1 6
3 1283 1284 1 50 SR1 1 6
0 1284 2282 1 50 N00 0 0
3 2282 2281 1 50 D11 1 7
1 2281 2284 1 50 D11 1 7
3 2284 2283 1 120 D11 1 7
0 2283 2292 1 50 N00 0 0
1 2292 2291 1 50 N00 1 8
0 2291 1292 1 50 N00 0 0
1 1292 1291 1 50 N00 1 9
0 1291 1301 1 50 N00 0 0
1 1301 1302 1 50 N00 1 9
0 1302 2301 1 50 N00 0 0
1 2301 2302 1 50 N00 1 8
0 2302 3301 1 50 N00 0 0
1 3301 3302 1 50 N00 1 9
0 3302 3312 1 50 N00 0 0
1 3312 3311 1 50 N00 1 9
0 3311 2312 1 50 N00 0 0
1 2312 2311 1 50 N00 1 8
0 2311 1312 1 50 N00 0 0
1 1312 1311 1 50 N00 1 9
0 1311 1321 1 50 N00 0 0
1 1321 1322 1 50 N00 1 9
0 1322 2321 1 50 N00 0 0
1 2321 2322 1 50 N00 1 8
0 2322 3321 1 50 N00 0 0
1 3321 3322 1 50 N00 1 9
0 3322 3332 1 50 N00 0 0
1 3332 3331 1 50 N00 1 9
0 3331 2332 1 50 N00 0 0
1 2332 2331 1 50 N00 1 8
0 2331 1332 1 50 N00 0 0
1 1332 1331 1 50 N00 1 9
0 1331 1341 1 50 N00 0 0
1 1341 1342 1 50 N00 1 9
0 1342 2341 1 50 N00 0 0
1 2341 2342 1 50 N00 1 8
0 2342 3341 1 50 N00 0 0
1 3341 3342 1 50 N00 1 9
3 3342 3341 1 50 N00 0 0
0 3341 3011 1 50 N00 0 0
0 3011 0000 1 50 N00 0 0
2 0000 0000 1 50 N00 0 0

0 0000 0000 0 50 N00 0 0
0 0000 3012 0 50 N00 0 0
1 3012 3011 0 50 N00 1 9
0 3011 2012 0 50 N00 0 0
1 2012 2011 0 50 N00 1 8
0 2011 1012 0 50 N00 0 0
1 1012 1011 0 50 N00 1 9
0 1011 1021 0 50 N00 0 0
1 1021 1022 0 50 N00 1 9
0 1022 2021 0 50 N00 0 0
1 2021 2022 0 50 N00 1 8
0 2022 3021 0 50 N00 0 0
1 3021 3022 0 50 N00 1 9
0 3022 3032 0 50 N00 0 0
1 3032 3031 0 50 N00 1 9
0 3031 2032 0 50 N00 0 0
1 2032 2031 0 50 N00 1 8
0 2031 1032 0 50 N00 0 0
1 1032 1031 0 50 N00 1 9
0 1031 1041 0 50 N00 0 0
1 1041 1042 0 50 N00 1 9
0 1042 2041 0 50 N00 0 0
1 2041 2042 0 50 N00 1 8
0 2042 3041 0 50 N00 0 0
1 3041 3042 0 50 N00 1 9
0 3042 3052 0 50 N00 0 0
1 3052 3051 0 50 N00 1 9
0 3051 2052 0 50 N00 0 0
1 2052 2051 0 50 N00 1 8
0 2051 1052 0 50 N00 0 0
1 1052 1051 0 50 N00 1 9
0 1051 1081 0 50 N00 0 0
1 1081 1082 0 50 SL1 7 2
3 1082 1081 0 50 SL1 7 2
0 1081 1071 0 50 N00 0 0
1 1071 1072 0 50 SR1 1 2
3 1072 1071 0 50 SR1 1 2
0 1071 1061 0 50 N00 0 0
1 1061 1062 0 50 N00 1 9
0 1062 2061 0 50 N00 0 0
1 2061 2062 0 50 N00 1 8
0 2062 3061 0 50 N00 0 0
1 3061 3062 0 50 N00 1 9
0 3062 3074 0 50 N00 0 0
1 3074 3073 0 50 SL1 7 2
3 3073 3074 0 50 SL1 7 2
0 3074 3084 0 50 N00 0 0
1 3084 3083 0 50 SR1 1 2
3 3083 3084 0 50 SR1 1 2
0 3084 3092 0 50 N00 0 0
1 3092 3091 0 50 N00 1 9
0 3091 3081 0 50 N00 0 0
1 3081 3082 0 50 SL1 3 6
3 3082 3081 0 50 SL1 3 6
0 3081 3071 0 50 N00 0 0
1 3071 3072 0 50 SR1 1 6
3 3072 3071 0 50 SR1 1 6
0 3071 2073 0 50 N00 0 0
3 2073 2074 0 50 D11 1 7
1 2074 2071 0 50 D11 1 7
3 2071 2072 0 120 D11 1 7
0 2072 1074 0 50 N00 0 0
1 1074 1073 0 50 SL1 3 6
3 1073 1074 0 50 SL1 3 6
0 1074 1084 0 50 N00 0 0
1 1084 1083 0 50 SR1 1 6
3 1083 1084 0 50 SR1 1 6
0 1084 2082 0 50 N00 0 0
3 2082 2081 0 50 D11 1 7
1 2081 2084 0 50 D11 1 7
3 2084 2083 0 120 D11 1 7
0 2083 3091 2 50 N00 0 0
0 3091 2092 2 50 N00 0 0
1 2092 2091 0 50 N00 1 8
0 2091 1092 0 50 N00 0 0
1 1092 1091 0 50 N00 1 9
0 1091 1101 0 50 N00 0 0
1 1101 1102 0 50 N00 1 9
0 1102 2101 0 50 N00 0 0
1 2101 2102 0 50 N00 1 8
0 2102 3101 0 50 N00 0 0
1 3101 3102 0 50 N00 1 9
0 3102 3112 0 50 N00 0 0
1 3112 3111 0 50 N00 1 9
0 3111 2112 0 50 N00 0 0
1 2112 2111 0 50 N00 1 8
0 2111 1112 0 50 N00 0 0
1 1112 1111 0 50 N00 1 9
0 1111 1121 0 50 N00 0 0
1 1121 1122 0 50 N00 1 9
0 1122 2121 0 50 N00 0 0
1 2121 2122 0 50 N00 1 8
0 2122 3121 0 50 N00 0 0
1 3121 3122 0 50 N00 1 9
0 3122 3132 0 50 N00 0 0
1 3132 3131 0 50 N00 1 9
0 3131 2132 0 50 N00 0 0
1 2132 2131 0 50 N00 1 8
0 2131 1132 0 50 N00 0 0
1 1132 1131 0 50 N00 1 9
0 1131 1141 0 50 N00 0 0
1 1141 1142 0 50 N00 1 9
0 1142 2141 0 50 N00 0 0
1 2141 2142 0 50 N00 1 8
0 2142 3141 0 50 N00 0 0
1 3141 3142 0 50 N00 1 9
0 3142 3152 0 50 N00 0 0
1 3152 3151 0 50 N00 1 9
0 3151 2152 0 50 N00 0 0
1 2152 2151 0 50 N00 1 8
0 2151 1152 0 50 N00 0 0
1 1152 1151 0 50 N00 1 9
0 1151 1181 0 50 N00 0 0
1 1181 1182 0 50 SL1 7 2
3 1182 1181 0 50 SL1 7 2
0 1181 1171 0 50 N00 0 0
1 1171 1172 0 50 SR1 1 2
3 1172 1171 0 50 SR1 1 2
0 1171 1161 0 50 N00 0 0
1 1161 1162 0 50 N00 1 9
0 1162 2161 0 50 N00 0 0
1 2161 2162 0 50 N00 1 8
0 2162 3161 0 50 N00 0 0
1 3161 3162 0 50 N00 1 9
0 3162 3174 0 50 N00 0 0
1 3174 3173 0 50 SL1 7 2
3 3173 3174 0 50 SL1 7 2
0 3174 3184 0 50 N00 0 0
1 3184 3183 0 50 SR1 1 2
3 3183 3184 0 50 SR1 1 2
0 3184 3192 0 50 N00 0 0
1 3192 3191 0 50 N00 1 9
0 3191 3181 0 50 N00 0 0
1 3181 3182 0 50 SL1 3 6
3 3182 3181 0 50 SL1 3 6
0 3181 3171 0 50 N00 0 0
1 3171 3172 0 50 SR1 1 6
3 3172 3171 0 50 SR1 1 6
0 3171 2173 0 50 N00 0 0
3 2173 2174 0 50 D11 1 7
1 2174 2171 0 50 D11 1 7
3 2171 2172 0 120 D11 1 7
0 2172 1174 0 50 N00 0 0
1 1174 1173 0 50 SL1 3 6
3 1173 1174 0 50 SL1 3 6
0 1174 1184 0 50 N00 0 0
1 1184 1183 0 50 SR1 1 6
3 1183 1184 0 50 SR1 1 6
0 1184 2182 0 50 N00 0 0
3 2182 2181 0 50 D11 1 7
1 2181 2184 0 50 D11 1 7
3 2184 2183 0 120 D11 1 7
0 2183 2192 0 50 N00 0 0
1 2192 2191 0 50 N00 1 8
0 2191 1192 0 50 N00 0 0
1 1192 1191 0 50 N00 1 9
0 1191 1201 0 50 N00 0 0
1 1201 1202 0 50 N00 1 9
0 1202 2201 0 50 N00 0 0
1 2201 2202 0 50 N00 1 8
0 2202 3201 0 50 N00 0 0
1 3201 3202 0 50 N00 1 9
0 3202 3212 0 50 N00 0 0
1 3212 3211 0 50 N00 1 9
0 3211 2212 0 50 N00 0 0
1 2212 2211 0 50 N00 1 8
0 2211 1212 0 50 N00 0 0
1 1212 1211 0 50 N00 1 9
0 1211 1221 0 50 N00 0 0
1 1221 1222 0 50 N00 1 9
0 1222 2221 0 50 N00 0 0
1 2221 2222 0 50 N00 1 8
0 2222 3221 0 50 N00 0 0
1 3221 3222 0 50 N00 1 9
0 3222 3232 0 50 N00 0 0
1 3232 3231 0 50 N00 1 9
0 3231 2232 0 50 N00 0 0
1 2232 2231 0 50 N00 1 8
0 2231 1232 0 50 N00 0 0
1 1232 1231 0 50 N00 1 9
0 1231 1241 0 50 N00 0 0
1 1241 1242 0 50 N00 1 9
0 1242 2241 0 50 N00 0 0
1 2241 2242 0 50 N00 1 8
0 2242 3241 0 50 N00 0 0
1 3241 3242 0 50 N00 1 9
0 3242 3252 0 50 N00 0 0
1 3252 3251 0 50 N00 1 9
0 3251 2252 0 50 N00 0 0
1 2252 2251 0 50 N00 1 8
0 2251 1252 0 50 N00 0 0
1 1252 1251 0 50 N00 1 9
0 1251 1281 0 50 N00 0 0
1 1281 1282 0 50 SL1 7 2
3 1282 1281 0 50 SL1 7 2
0 1281 1271 0 50 N00 0 0
1 1271 1272 0 50 SR1 1 2
3 1272 1271 0 50 SR1 1 2
0 1271 1261 0 50 N00 0 0
1 1261 1262 0 50 N00 1 9
0 1262 2261 0 50 N00 0 0
1 2261 2262 0 50 N00 1 8
0 2262 3261 0 50 N00 0 0
1 3261 3262 0 50 N00 1 9
0 3262 3274 0 50 N00 0 0
1 3274 3273 0 50 SL1 7 2
3 3273 3274 0 50 SL1 7 2
0 3274 3284 0 50 N00 0 0
1 3284 3283 0 50 SR1 1 2
3 3283 3284 0 50 SR1 1 2
0 3284 3292 0 50 N00 0 0
1 3292 3291 0 50 N00 1 9
0 3291 3281 0 50 N00 0 0
1 3281 3282 0 50 SL1 3 6
3 3282 3281 0 50 SL1 3 6
0 3281 3271 0 50 N00 0 0
1 3271 3272 0 50 SR1 1 6
3 3272 3271 0 50 SR1 1 6
0 3271 2273 0 50 N00 0 0
3 2273 2274 0 50 D11 1 7
1 2274 2271 0 50 D11 1 7
3 2271 2272 0 120 D11 1 7
0 2272 1274 0 50 N00 0 0
1 1274 1273 0 50 SL1 3 6
3 1273 1274 0 50 SL1 3 6
0 1274 1284 0 50 N00 0 0
1 1284 1283 0 50 SR1 1 6
3 1283 1284 0 50 SR1 1 6
0 1284 2282 0 50 N00 0 0
3 2282 2281 0 50 D11 1 7
1 2281 2284 0 50 D11 1 7
3 2284 2283 0 120 D11 1 7
0 2283 2292 0 50 N00 0 0
1 2292 2291 0 50 N00 1 8
0 2291 1292 0 50 N00 0 0
1 1292 1291 0 50 N00 1 9
0 1291 1301 0 50 N00 0 0
1 1301 1302 0 50 N00 1 9
0 1302 2301 0 50 N00 0 0
1 2301 2302 0 50 N00 1 8
0 2302 3301 0 50 N00 0 0
1 3301 3302 0 50 N00 1 9
0 3302 3312 0 50 N00 0 0
1 3312 3311 0 50 N00 1 9
0 3311 2312 0 50 N00 0 0
1 2312 2311 0 50 N00 1 8
0 2311 1312 0 50 N00 0 0
1 1312 1311 0 50 N00 1 9
0 1311 1321 0 50 N00 0 0
1 1321 1322 0 50 N00 1 9
0 1322 2321 0 50 N00 0 0
1 2321 2322 0 50 N00 1 8
0 2322 3321 0 50 N00 0 0
1 3321 3322 0 50 N00 1 9
0 3322 3332 0 50 N00 0 0
1 3332 3331 0 50 N00 1 9
0 3331 2332 0 50 N00 0 0
1 2332 2331 0 50 N00 1 8
0 2331 1332 0 50 N00 0 0
1 1332 1331 0 50 N00 1 9
0 1331 1341 0 50 N00 0 0
1 1341 1342 0 50 N00 1 9
0 1342 2341 0 50 N00 0 0
1 2341 2342 0 50 N00 1 8
0 2342 3341 0 50 N00 0 0
1 3341 3342 0 50 N00 1 9
3 3342 3341 0 50 N00 0 0
0 3341 3011 0 50 N00 0 0
0 3011 0000 0 50 N00 0 0
2 0000 0000 0 50 N00 0 0