101 1012 3
1 1012 1011 0 50 N00 1 9
0 1011 1021 0 50 N00 0 0
1 1021 1022 0 50 N00 1 9

103 1012 3
1 1032 1031 0 50 N00 1 9
0 1031 1041 0 50 N00 0 0
1 1041 1042 0 50 N00 1 9

105 1012 3
1 1052 1051 0 50 N00 1 9
0 1051 1061 0 50 N00 0 0
1 1061 1062 0 50 N00 1 9

107 1012 15
1 1074 1073 0 50 SL1 3 6
3 1073 1074 0 50 SL1 3 6
0 1074 1084 0 50 N00 0 0
1 1084 1083 0 50 SR1 1 6
3 1083 1084 0 50 SR1 1 6
0 1084 1092 0 50 N00 0 0
3 1092 1091 0 50 L22 1 9
0 1091 1081 0 50 N00 0 0
1 1081 1082 0 50 SL1 7 2
3 1082 1081 0 50 SL1 7 2
0 1081 1071 0 50 N00 0 0
1 1071 1072 0 50 SR1 1 2
3 1072 1071 0 50 SR1 1 2
0 1071 1061 0 50 N00 0 0
3 1061 1062 0 50 R22 1 9

109 1012 3
1 1092 1091 0 50 N00 1 9
0 1091 1101 0 50 N00 0 0
1 1101 1102 0 50 N00 1 9

111 1012 3
1 1112 1111 0 50 N00 1 9
0 1111 1121 0 50 N00 0 0
1 1121 1122 0 50 N00 1 9

113 1012 3
1 1132 1131 0 50 N00 1 9
0 1131 1141 0 50 N00 0 0
1 1141 1142 0 50 N00 1 9

115 1012 3
1 1152 1151 0 50 N00 1 9
0 1151 1161 0 50 N00 0 0
1 1161 1162 0 50 N00 1 9

117 1012 15
1 1174 1173 0 50 SL1 3 6
3 1173 1174 0 50 SL1 3 6
0 1174 1184 0 50 N00 0 0
1 1184 1183 0 50 SR1 1 6
3 1183 1184 0 50 SR1 1 6
0 1184 1192 0 50 N00 0 0
3 1192 1191 0 50 L22 1 9
0 1191 1181 0 50 N00 0 0
1 1181 1182 0 50 SL1 7 2
3 1182 1181 0 50 SL1 7 2
0 1181 1171 0 50 N00 0 0
1 1171 1172 0 50 SR1 1 2
3 1172 1171 0 50 SR1 1 2
0 1171 1161 0 50 N00 0 0
3 1161 1162 0 50 R22 1 9

119 1012 3
1 1192 1191 0 50 N00 1 9
0 1191 1201 0 50 N00 0 0
1 1201 1202 0 50 N00 1 9

121 1012 3
1 1212 1211 0 50 N00 1 9
0 1211 1221 0 50 N00 0 0
1 1221 1222 0 50 N00 1 9

123 1012 3
1 1232 1231 0 50 N00 1 9
0 1231 1241 0 50 N00 0 0
1 1241 1242 0 50 N00 1 9

125 1012 3
1 1252 1251 0 50 N00 1 9
0 1251 1261 0 50 N00 0 0
1 1261 1262 0 50 N00 1 9

127 1012 15
1 1274 1273 0 50 SL1 3 6
3 1273 1274 0 50 SL1 3 6
0 1274 1284 0 50 N00 0 0
1 1284 1283 0 50 SR1 1 6
3 1283 1284 0 50 SR1 1 6
0 1284 1292 0 50 N00 0 0
3 1292 1291 0 50 L22 1 9
0 1291 1281 0 50 N00 0 0
1 1281 1282 0 50 SL1 7 2
3 1282 1281 0 50 SL1 7 2
0 1281 1271 0 50 N00 0 0
1 1271 1272 0 50 SR1 1 2
3 1272 1271 0 50 SR1 1 2
0 1271 1261 0 50 N00 0 0
3 1261 1262 0 50 R22 1 9

129 1012 3
1 1292 1291 0 50 N00 1 9
0 1291 1301 0 50 N00 0 0
1 1301 1302 0 50 N00 1 9

131 1012 3
1 1312 1311 0 50 N00 1 9
0 1311 1321 0 50 N00 0 0
1 1321 1322 0 50 N00 1 9

133 1012 3
1 1332 1331 0 50 N00 1 9
0 1331 1341 0 50 N00 0 0
1 1341 1342 0 50 N00 1 9

201 2012 3
1 2012 2011 0 50 N00 1 8
0 2011 2021 0 50 N00 0 0
1 2021 2022 0 50 N00 1 8

203 2012 3
1 2032 2031 0 50 N00 1 8
0 2031 2041 0 50 N00 0 0
1 2041 2042 0 50 N00 1 8

205 2012 3
1 2052 2051 0 50 N00 1 8
0 2051 2061 0 50 N00 0 0
1 2061 2062 0 50 N00 1 8

207 2012 11
0 3071 2073 0 50 N00 0 0
3 2073 2074 0 50 D11 1 7
1 2074 2071 0 50 D11 1 7
3 2071 2072 0 120 D11 1 7
0 2072 1074 0 50 N00 0 0
0 1074 1084 0 50 N00 0 0
0 1084 2082 0 50 N00 0 0
3 2082 2081 0 50 D11 1 7
1 2081 2084 0 50 D11 1 7
3 2084 2083 0 120 D11 1 7
0 2083 3081 0 50 N00 0 0

209 2012 3
1 2092 2091 0 50 N00 1 8
0 2091 2101 0 50 N00 0 0
1 2101 2102 0 50 N00 1 8

211 2012 3
1 2112 2111 0 50 N00 1 8
0 2111 2121 0 50 N00 0 0
1 2121 2122 0 50 N00 1 8

213 2012 3
1 2132 2131 0 50 N00 1 8
0 2131 2141 0 50 N00 0 0
1 2141 2142 0 50 N00 1 8

215 2012 3
1 2152 2151 0 50 N00 1 8
0 2151 2161 0 50 N00 0 0
1 2161 2162 0 50 N00 1 8

217 2012 11
0 3171 2173 0 50 N00 0 0
3 2173 2174 0 50 D11 1 7
1 2174 2171 0 50 D11 1 7
3 2171 2172 0 120 D11 1 7
0 2172 1174 0 50 N00 0 0
0 1174 1184 0 50 N00 0 0
0 1184 2182 0 50 N00 0 0
3 2182 2181 0 50 D11 1 7
1 2181 2184 0 50 D11 1 7
3 2184 2183 0 120 D11 1 7
0 2183 3181 0 50 N00 0 0

219 2012 3
1 2192 2191 0 50 N00 1 8
0 2191 2201 0 50 N00 0 0
1 2201 2202 0 50 N00 1 8

221 2012 3
1 2212 2211 0 50 N00 1 8
0 2211 2221 0 50 N00 0 0
1 2221 2222 0 50 N00 1 8

223 2012 3
1 2232 2231 0 50 N00 1 8
0 2231 2241 0 50 N00 0 0
1 2241 2242 0 50 N00 1 8

225 2012 3
1 2252 2251 0 50 N00 1 8
0 2251 2261 0 50 N00 0 0
1 2261 2262 0 50 N00 1 8

227 2012 11
0 3271 2273 0 50 N00 0 0
3 2273 2274 0 50 D11 1 7
1 2274 2271 0 50 D11 1 7
3 2271 2272 0 120 D11 1 7
0 2272 1274 0 50 N00 0 0
0 1274 1284 0 50 N00 0 0
0 1284 2282 0 50 N00 0 0
3 2282 2281 0 50 D11 1 7
1 2281 2284 0 50 D11 1 7
3 2284 2283 0 120 D11 1 7
0 2283 3281 0 50 N00 0 0

229 2012 3
1 2292 2291 0 50 N00 1 8
0 2291 2301 0 50 N00 0 0
1 2301 2302 0 50 N00 1 8

231 2012 3
1 2312 2311 0 50 N00 1 8
0 2311 2321 0 50 N00 0 0
1 2321 2322 0 50 N00 1 8

233 2012 3
1 2332 2331 0 50 N00 1 8
0 2331 2341 0 50 N00 0 0
1 2341 2342 0 50 N00 1 8

301 2012 3
1 3011 3012 0 50 N00 1 9
0 3012 3022 0 50 N00 0 0
1 3022 3021 0 50 N00 1 9

303 2012 3
1 3031 3032 0 50 N00 1 9
0 3032 3042 0 50 N00 0 0
1 3042 3041 0 50 N00 1 9

305 2012 3
1 3051 3052 0 50 N00 1 9
0 3052 3062 0 50 N00 0 0
1 3062 3061 0 50 N00 1 9

307 2012 15
1 3071 3072 0 50 SR1 1 6
3 3072 3071 0 50 SR1 1 6
0 3071 3081 0 50 N00 0 0
1 3081 3082 0 50 SL1 3 6
3 3082 3081 0 50 SL1 3 6
0 3081 3091 0 50 N00 0 0
3 3091 3092 0 50 R22 1 9
0 3092 3084 0 50 N00 0 0
1 3084 3083 0 50 SR1 1 2
3 3083 3084 0 50 SR1 1 2
0 3084 3074 0 50 N00 0 0
1 3074 3073 0 50 SL1 7 2
3 3073 3074 0 50 SL1 7 2
0 3074 3062 0 50 N00 0 0
3 3062 3061 0 50 L22 1 9

309 2012 3
1 3091 3092 0 50 N00 1 9
0 3092 3102 0 50 N00 0 0
1 3102 3101 0 50 N00 1 9

311 2012 3
1 3111 3112 0 50 N00 1 9
0 3112 3122 0 50 N00 0 0
1 3122 3121 0 50 N00 1 9

313 2012 3
1 3131 3132 0 50 N00 1 9
0 3132 3142 0 50 N00 0 0
1 3142 3141 0 50 N00 1 9

315 2012 3
1 3151 3152 0 50 N00 1 9
0 3152 3162 0 50 N00 0 0
1 3162 3161 0 50 N00 1 9

317 2012 15
1 3171 3172 0 50 SR1 1 6
3 3172 3171 0 50 SR1 1 6
0 3171 3181 0 50 N00 0 0
1 3181 3182 0 50 SL1 3 6
3 3182 3181 0 50 SL1 3 6
0 3181 3191 0 50 N00 0 0
3 3191 3192 0 50 R22 1 9
0 3192 3184 0 50 N00 0 0
1 3184 3183 0 50 SR1 1 2
3 3183 3184 0 50 SR1 1 2
0 3184 3174 0 50 N00 0 0
1 3174 3173 0 50 SL1 7 2
3 3173 3174 0 50 SL1 7 2
0 3174 3162 0 50 N00 0 0
3 3162 3161 0 50 L22 1 9

319 2012 3
1 3191 3192 0 50 N00 1 9
0 3192 3202 0 50 N00 0 0
1 3202 3201 0 50 N00 1 9

321 2012 3
1 3211 3212 0 50 N00 1 9
0 3212 3222 0 50 N00 0 0
1 3222 3221 0 50 N00 1 9

323 2012 3
1 3231 3232 0 50 N00 1 9
0 3232 3242 0 50 N00 0 0
1 3242 3241 0 50 N00 1 9

325 2012 3
1 3251 3252 0 50 N00 1 9
0 3252 3262 0 50 N00 0 0
1 3262 3261 0 50 N00 1 9

327 2012 15
1 3271 3272 0 50 SR1 1 6
3 3272 3271 0 50 SR1 1 6
0 3271 3281 0 50 N00 0 0
1 3281 3282 0 50 SL1 3 6
3 3282 3281 0 50 SL1 3 6
0 3281 3291 0 50 N00 0 0
3 3291 3292 0 50 R22 1 9
0 3292 3284 0 50 N00 0 0
1 3284 3283 0 50 SR1 1 2
3 3283 3284 0 50 SR1 1 2
0 3284 3274 0 50 N00 0 0
1 3274 3273 0 50 SL1 7 2
3 3273 3274 0 50 SL1 7 2
0 3274 3262 0 50 N00 0 0
3 3262 3261 0 50 L22 1 9

329 2012 3
1 3291 3292 0 50 N00 1 9
0 3292 3302 0 50 N00 0 0
1 3302 3301 0 50 N00 1 9

331 2012 3
1 3311 3312 0 50 N00 1 9
0 3312 3322 0 50 N00 0 0
1 3322 3321 0 50 N00 1 9

333 2012 3
1 3331 3332 0 50 N00 1 9
0 3332 3342 0 50 N00 0 0
1 3342 3341 0 50 N00 1 9