1 3012 3011 0 50 N00 1 4
0 3011 2012 0 50 N00 0 0
1 2012 2011 0 50 N00 1 7
0 2011 1022 0 50 N00 0 0
0 1022 2022 0 50 N00 0 0
3 2022 2021 0 50 N00 1 7
1 2021 2023 0 50 N00 1 7
0 2023 3021 0 50 N00 0 0
1 3021 3022 0 50 N00 1 4
0 3022 3032 0 50 N00 0 0
1 3032 3031 0 50 N00 1 4
0 3031 2032 0 50 N00 0 0
1 2032 2031 0 50 N00 1 8
0 2031 2041 0 50 N00 0 0
1 2041 2042 0 50 N00 1 8
0 2042 3041 0 50 N00 0 0
1 3041 3042 0 50 N00 1 4
3 3042 3041 0 50 N00 1 4
0 3041 3051 0 50 N00 0 0
1 3051 3052 0 50 N00 1 7
3 3052 3051 0 50 N00 1 7
0 3051 2052 0 50 N00 0 0
1 2052 2051 0 50 N00 1 8
0 2051 2061 0 50 N00 0 0
1 2061 2062 0 50 N00 1 8
0 2062 3061 0 50 N00 0 0
1 3061 3062 0 50 N00 1 7
3 3062 3061 0 50 N00 1 7
0 3061 3071 0 50 N00 0 0
1 3071 3073 0 50 SR1 1 6
3 3073 3071 0 50 SR1 1 6
0 3071 2072 0 50 N00 0 0
3 2072 2071 0 50 D11 1 7
1 2071 2074 0 50 D11 1 7
3 2074 2073 0 120 D11 1 7
0 2073 3071 0 50 N00 0 0
0 3071 3081 0 50 N00 0 0
1 3081 3083 0 50 SL1 1 6
3 3083 3081 0 50 SL1 1 6
0 3081 2082 0 50 N00 0 0
3 2082 2081 0 50 D11 1 7
1 2081 2084 0 50 D11 1 7
3 2084 2083 0 120 D11 1 7
0 2083 3091 0 50 N00 0 0
1 3091 3092 0 50 N00 1 7
3 3092 3091 0 50 N00 1 7
0 3091 2092 0 50 N00 0 0
1 2092 2091 0 50 N00 1 8
0 2091 2101 0 50 N00 0 0
1 2101 2102 0 50 N00 1 8
0 2102 3101 0 50 N00 0 0
1 3101 3102 0 50 N00 1 7
3 3102 3101 0 50 N00 1 7
0 3101 3111 0 50 N00 0 0
1 3111 3112 0 50 N00 1 7
3 3112 3111 0 50 N00 1 7
0 3111 2112 0 50 N00 0 0
1 2112 2111 0 50 N00 1 8
0 2111 2121 0 50 N00 0 0
1 2121 2122 0 50 N00 1 8
0 2122 3121 0 50 N00 0 0
1 3121 3122 0 50 N00 1 7
3 3122 3121 0 50 N00 1 7
0 3121 3131 0 50 N00 0 0
1 3131 3132 0 50 N00 1 7
3 3132 3131 0 50 N00 1 7
0 3131 2132 0 50 N00 0 0
1 2132 2131 0 50 N00 1 8
0 2131 2141 0 50 N00 0 0
1 2141 2142 0 50 N00 1 8
0 2142 3141 0 50 N00 0 0
1 3141 3142 0 50 N00 1 7
3 3142 3141 0 50 N00 1 7
0 3141 3151 0 50 N00 0 0
1 3151 3152 0 50 N00 1 7
3 3152 3151 0 50 N00 1 7
0 3151 2152 0 50 N00 0 0
1 2152 2151 0 50 N00 1 8
0 2151 2161 0 50 N00 0 0
1 2161 2162 0 50 N00 1 8
0 2162 3161 0 50 N00 0 0
1 3161 3162 0 50 N00 1 7
3 3162 3161 0 50 N00 1 7
0 3161 3171 0 50 N00 0 0
1 3171 3173 0 50 SR1 1 6
3 3173 3171 0 50 SR1 1 6
0 3171 2172 0 50 N00 0 0
3 2172 2171 0 50 D11 1 7
1 2171 2174 0 50 D11 1 7
3 2174 2173 0 120 D11 1 7
0 2173 3171 0 50 N00 0 0
0 3171 3181 0 50 N00 0 0
1 3181 3183 0 50 SL0 1 6
3 3183 3181 0 50 SL0 1 6
0 3181 2182 0 50 N00 0 0
3 2182 2181 0 50 D11 1 7
1 2181 2184 0 50 D11 1 7
3 2184 2183 0 120 D11 1 7
0 2183 3191 0 50 N00 0 0
1 3191 3192 0 50 N00 1 7
3 3192 3191 0 50 N00 1 7
0 3191 2192 0 50 N00 0 0
1 2192 2191 0 50 N00 1 8
0 2191 2201 0 50 N00 0 0
1 2201 2202 0 50 N00 1 8
0 2202 3201 0 50 N00 0 0
1 3201 3202 0 50 N00 1 7
3 3202 3201 0 50 N00 1 7
0 3201 3211 0 50 N00 0 0
1 3211 3212 0 50 N00 1 7
3 3212 3211 0 50 N00 1 7
0 3211 2212 0 50 N00 0 0
1 2212 2211 0 50 N00 1 8
0 2211 2221 0 50 N00 0 0
1 2221 2222 0 50 N00 1 8
0 2222 3221 0 50 N00 0 0
1 3221 3222 0 50 N00 1 7
3 3222 3221 0 50 N00 1 7
0 3221 3231 0 50 N00 0 0
1 3231 3232 0 50 N00 1 7
3 3232 3231 0 50 N00 1 7
0 3231 2232 0 50 N00 0 0
1 2232 2231 0 50 N00 1 8
0 2231 2241 0 50 N00 0 0
1 2241 2242 0 50 N00 1 8
0 2242 3241 0 50 N00 0 0
1 3241 3242 0 50 N00 1 7
3 3242 3241 0 50 N00 1 7
0 3241 3251 0 50 N00 0 0
1 3251 3252 0 50 N00 1 7
3 3252 3251 0 50 N00 1 7
0 3251 2252 0 50 N00 0 0
1 2252 2251 0 50 N00 1 8
0 2251 2261 0 50 N00 0 0
1 2261 2262 0 50 N00 1 8
0 2262 3261 0 50 N00 0 0
1 3261 3262 0 50 N00 1 7
3 3262 3261 0 50 N00 1 7
0 3261 3271 0 50 N00 0 0
1 3271 3273 0 50 SR1 1 6
3 3273 3271 0 50 SR1 1 6
0 3271 2272 0 50 N00 0 0
3 2272 2271 0 50 D11 1 7
1 2271 2274 0 50 D11 1 7
3 2274 2273 0 120 D11 1 7
0 2273 3271 0 50 N00 0 0
0 3271 3281 0 50 N00 0 0
1 3281 3283 0 50 SL1 1 6
3 3283 3281 0 50 SL1 1 6
0 3281 2282 0 50 N00 0 0
3 2282 2281 0 50 D11 1 7
1 2281 2284 0 50 D11 1 7
3 2284 2283 0 120 D11 1 7
0 2283 3291 0 50 N00 0 0
1 3291 3292 0 50 N00 1 7
3 3292 3291 0 50 N00 1 7
0 3291 2292 0 50 N00 0 0
1 2292 2291 0 50 N00 1 8
0 2291 2301 0 50 N00 0 0
1 2301 2302 0 50 N00 1 8
0 2302 3301 0 50 N00 0 0
1 3301 3302 0 50 N00 1 7
3 3302 3301 0 50 N00 1 7
0 3301 3312 0 50 N00 0 0
1 3312 3311 0 50 N00 1 5
0 3311 3321 0 50 N00 0 0
1 3321 3322 0 50 N00 1 5
0 3322 3332 0 50 N00 0 0
1 3332 3331 0 50 N00 1 5
0 3331 3341 0 50 N00 0 0
1 3341 3342 0 50 N00 1 5